Example8, change from Example2
2
20
20                            
35000.0
50.0                                                          
36.0                          
10.0                          
3500.0                       
1                         
50.0                          
100.0
0.1
40
70                                               
2 
2                            
    0.0 1500.0  1.0   0.0  
   50.0 1500.0  1.0   0.0
   50.0 1800.0  1.5   1.5          
  100.0 1800.0  1.5   1.5
A
2000.0  2.0   2.0