Example7
2
500
500                            
1712.0
250.0                                                          
50.0                          
100.0                          
5000.0                       
1                         
200.0                          
1000.0
0.5
40
70                                               
4 
2                            
    0.0 1520.0  1.0   0.0
   20.0 1520.0  1.0   0.0
   30.0 1480.0  1.0   0.0   
  200.0 1480.0  1.0   0.0
  200.0 1600.0  1.5   0.05           
 1000.0 2000.0  1.5   0.20
V


